96 0.003 1.09653559942476 0.00798563979871012
96 0.003125 1.11700032949561 0.0106562073799255
96 0.00325 1.12263845300745 0.00840278518327429
96 0.003375 1.17316543024801 0.0140585732148779
96 0.0035 1.22393403676794 0.0192105599850843
96 0.003625 1.28904943505591 0.0225238081723884
96 0.00375 1.30645609577777 0.0225710669282583
96 0.003875 1.43088201612006 0.0311346585523001
96 0.004 1.52269422035557 0.0344847156544352
96 0.004125 1.60018879075384 0.0418150465012314
96 0.00425 1.75421098078611 0.0445437943420793
96 0.004375 1.77550186075635 0.0429651977732233
96 0.0045 2.06084337852764 0.0609522562587389
96 0.004625 2.08121514072766 0.058645216484053
96 0.00475 2.13565898235338 0.0659518076441172
