96 0.003 1.9339738328682 0.0420637641722247
96 0.003125 1.83528835540394 0.0423652055233175
96 0.00325 1.71498006484719 0.0371495779851304
96 0.003375 1.57859841854573 0.0374911025311231
96 0.0035 1.42952978533094 0.0403275782135081
96 0.003625 1.33206049374878 0.0340789898981783
96 0.00375 1.27633459095419 0.0354251562177588
96 0.003875 1.09353887572548 0.0302320595532863
96 0.004 0.994570857390697 0.0282245079693993
96 0.004125 0.939396350448711 0.0285434882259982
96 0.00425 0.823267554708147 0.0258647146574228
96 0.004375 0.773894079934751 0.0240612604748812
96 0.0045 0.689485292308471 0.0225784530877688
96 0.004625 0.671638028969205 0.0239608305993654
96 0.00475 0.625691913544337 0.0213949011681182
